X02n0203_001:0879b07	作世水宅心陀羅尼	作 世 水 宅 心 陀 羅 尼 
X02n0203_001:0879b09	多地耶他　闍藍婆　摩訶闍藍婆　阿奴呵闍藍	多 地 耶 他 闍 藍 婆 摩 訶 闍 藍 婆 阿 奴 呵 闍 藍 
X02n0203_001:0879b10	婆　娑囉闍藍婆　郁伽闍藍婆　夜叉毗梨闍藍	婆 娑 囉 闍 藍 婆 郁 伽 闍 藍 婆 夜 叉 毗 梨 闍 藍 
X02n0203_001:0879b11	婆　那伽闍藍婆優羅伽毗梨　闍藍婆阿薩帝鼻	婆 那 伽 闍 藍 婆 優 羅 伽 毗 梨 闍 藍 婆 阿 薩 帝 鼻 
X02n0203_001:0879b12	梨闍藍婆　阿輸婆比　利闍藍婆　摩嗟比　利	梨 闍 藍 婆 阿 輸 婆 比 利 闍 藍 婆 摩 嗟 比 利 
X02n0203_001:0879b13	闍藍婆曼廚迦比梨闍藍婆　佉目羅比梨闍藍婆	闍 藍 婆 曼 廚 迦 比 梨 闍 藍 婆 佉 目 羅 比 梨 闍 藍 婆 
X02n0203_001:0879b14	　崩起比梨闍藍婆阿摩比梨闍藍婆　蘇脂目佉	 崩 起 比 梨 闍 藍 婆 阿 摩 比 梨 闍 藍 婆 蘇 脂 目 佉 
X02n0203_001:0879b15	闍藍婆　婆摩囉婆摩囉闍藍婆　摩囉比闍迦荼	闍 藍 婆 婆 摩 囉 婆 摩 囉 闍 藍 婆 摩 囉 比 闍 迦 荼 
X02n0203_001:0879b16	鉢多囉布疏波頗藍婆　素叉梨牛婆素達摩耶若	鉢 多 囉 布 疏 波 頗 藍 婆 素 叉 梨 牛 婆 素 達 摩 耶 若 
X02n0203_001:0879b17	　比利使致搔醯藍婆伽苫步(上聲)羅婆窮(去聲)窮婆羅	 比 利 使 致 搔 醯 藍 婆 伽 苫 步 上 聲 羅 婆 窮 去 聲 窮 婆 羅 
X02n0203_001:0879b18	窮頻頭窮　婆羅闍比　娑婆呵	窮 頻 頭 窮 婆 羅 闍 比 娑 婆 呵 
X02n0203_001:0879b19	是陀羅尼句若為他人及自己身稱其名號為誦此	是 陀 羅 尼 句 若 為 他 人 及 自 己 身 稱 其 名 號 為 誦 此 
X02n0203_001:0879b20	陀羅尼一切怖畏一切殃禍悉皆消滅。	陀 羅 尼 一 切 怖 畏 一 切 殃 禍 悉 皆 消 滅 
X02n0203_001:0879b21	水風摩尼宮陀羅尼輪。	水 風 摩 尼 宮 陀 羅 尼 輪 
X02n0203_001:0879b22	多地他　蘇婆羅　婆羅底　那那婆羅底　制(平聲)	多 地 他 蘇 婆 羅 婆 羅 底 那 那 婆 羅 底 制 平 聲 
X02n0203_001:0879b23	沙吒婆羅底　阿那婆羅底　奢婆多曷　囉婆羅	沙 吒 婆 羅 底 阿 那 婆 羅 底 奢 婆 多 曷 囉 婆 羅 
X02n0203_001:0879b24	底　奢囉拏婆羅底　鳩牟尼婆羅底　珊支囉婆	底 奢 囉 拏 婆 羅 底 鳩 牟 尼 婆 羅 底 珊 支 囉 婆 
X02n0203_001:0879c01	羅底　制(平聲)陀娑羅婆羅底　娑羅婆羅底　娑羅	羅 底 制 平 聲 陀 娑 羅 婆 羅 底 娑 羅 婆 羅 底 娑 羅 
X02n0203_001:0879c02	鉢利訶利　娑羅婆羅多(上聲)鉢利訶利　那那鉢利	鉢 利 訶 利 娑 羅 婆 羅 多 上 聲 鉢 利 訶 利 那 那 鉢 利 
X02n0203_001:0879c03	訶利　婢毗迦鉢利訶利耶若鉢利訶利　蘇婆羅	訶 利 婢 毗 迦 鉢 利 訶 利 耶 若 鉢 利 訶 利 蘇 婆 羅 
X02n0203_001:0879c04	鉢利訶利頻頭鉢利訶利　闍羅鉢利訶利憩多羅	鉢 利 訶 利 頻 頭 鉢 利 訶 利 闍 羅 鉢 利 訶 利 憩 多 羅 
X02n0203_001:0879c05	鉢利訶利　特叉鉢利訶利　珊尼摩鉢利訶利	鉢 利 訶 利 特 叉 鉢 利 訶 利 珊 尼 摩 鉢 利 訶 利 
X02n0203_001:0879c06	　蘇婆婆鉢提犁　劬摩耶末陀索谿　阿那耶波盧	 蘇 婆 婆 鉢 提 犁 劬 摩 耶 末 陀 索 谿 阿 那 耶 波 盧 
X02n0203_001:0879c07	誓　迷羅跋迷　阿羅那求師佉羅毗闍鞞　那羅	誓 迷 羅 跋 迷 阿 羅 那 求 師 佉 羅 毗 闍 鞞 那 羅 
X02n0203_001:0879c08	延拏婢諶林鞞　憂羅伽阿尼彌簁　宮闍囉婆胡	延 拏 婢 諶 林 鞞 憂 羅 伽 阿 尼 彌 簁 宮 闍 囉 婆 胡 
X02n0203_001:0879c09	迷訶闍債鞞　羯摩毗羅犁　舍羅摩拏娑離犁	迷 訶 闍 債 鞞 羯 摩 毗 羅 犁 舍 羅 摩 拏 娑 離 犁 
X02n0203_001:0879c10	　佉曷羅伽奢迷　阿斯那迷　阿耆尼鉢底利　能	 佉 曷 羅 伽 奢 迷 阿 斯 那 迷 阿 耆 尼 鉢 底 利 能 
X02n0203_001:0879c11	求躭鼻犁婆耶遮婆留尼　犍咃債鞞犁釋迦囉是	求 躭 鼻 犁 婆 耶 遮 婆 留 尼 犍 咃 債 鞞 犁 釋 迦 囉 是 
X02n0203_001:0879c12	若移　阿那鵄提　帝利　那耶　娜尼利帝利耶	若 移 阿 那 鵄 提 帝 利 那 耶 娜 尼 利 帝 利 耶 
X02n0203_001:0879c13	頭婆佛阿訶地子瑟癡帝　莎婆訶　使此國天子	頭 婆 佛 阿 訶 地 子 瑟 癡 帝 莎 婆 訶 使 此 國 天 子 
X02n0203_001:0879c14	及其眷屬悉皆吉祥莎呵　那羅延拏　尼羅移	及 其 眷 屬 悉 皆 吉 祥 莎 呵 那 羅 延 拏 尼 羅 移 
X02n0203_001:0879c15	　莎呵　斫迦囉吠多迦羅迷　莎婆呵	 莎 呵 斫 迦 囉 吠 多 迦 羅 迷 莎 婆 呵 
X02n0203_001:0879c16	此陀羅尼力能除一切鬪諍一切毒害夜叉羅剎修	此 陀 羅 尼 力 能 除 一 切 鬪 諍 一 切 毒 害 夜 叉 羅 剎 修 
X02n0203_001:0879c17	羅惡龍乃至人非人等及諸禽獸一切非時風熱寒	羅 惡 龍 乃 至 人 非 人 等 及 諸 禽 獸 一 切 非 時 風 熱 寒 
X02n0203_001:0879c18	冷災雲旱潦等過悉皆消滅。	冷 災 雲 旱 潦 等 過 悉 皆 消 滅 
X02n0203_001:0879c19	此陀羅尼能令五穀悉皆成好令諸眾生增益壽命	此 陀 羅 尼 能 令 五 穀 悉 皆 成 好 令 諸 眾 生 增 益 壽 命 
X02n0203_001:0879c20	增長身色　資生　安樂　無患　名譽　持戒	增 長 身 色 資 生 安 樂 無 患 名 譽 持 戒 
X02n0203_001:0879c21	　多聞　布施　慈悲　智慧　方便　三昧　陀羅	 多 聞 布 施 慈 悲 智 慧 方 便 三 昧 陀 羅 
X02n0203_001:0879c22	尼　地觀　樂出世　化眾生　入大乘　勝願	尼 地 觀 樂 出 世 化 眾 生 入 大 乘 勝 願 
X02n0203_001:0879c23	　地地轉入　觀察陰界　慚愧　攝功德莊嚴佛土	 地 地 轉 入 觀 察 陰 界 慚 愧 攝 功德莊嚴 佛 土 
X02n0203_001:0879c24	　六波羅蜜行　一切十方諸佛常所護念　值過	 六波羅蜜 行 一 切 十方諸佛 常 所 護 念 值 過 
X02n0203_001:0880a01	佛一切菩薩善友　遊戲神足　壞一切煩惱不令	佛 一切菩薩 善 友 遊 戲 神 足 壞 一切煩惱 不 令 
X02n0203_001:0880a02	增長　神通渡於彼岸不令退減一切善法乃至無	增 長 神 通 渡 於 彼 岸 不 令 退 減 一 切 善 法 乃 至 無 
X02n0203_001:0880a03	上涅槃。	上 涅 槃 
X02n0203_001:0880a04	磨力大陀羅尼。	磨 力 大 陀 羅 尼 
X02n0203_001:0880a05	多地他　那鼻　摩訶那鼻　初何囉那鞞　阿鼻	多 地 他 那 鼻 摩 訶 那 鼻 初 何 囉 那 鞞 阿 鼻 
X02n0203_001:0880a06	具那鞞(去聲)僧輸沙拏那鞞　鼻何囉闍佉鞞　阿婆	具 那 鞞 去 聲 僧 輸 沙 拏 那 鞞 鼻 何 囉 闍 佉 鞞 阿 婆 
X02n0203_001:0880a07	羅牟尼　多嚧那胡嚧醯　那他(上聲)鉢帝利　闍婆	羅 牟 尼 多 嚧 那 胡 嚧 醯 那 他 上 聲 鉢 帝 利 闍 婆 
X02n0203_001:0880a08	徒迷　魔囉娑帝　帝弭羅鉢帝利　蹇荼　涅利	徒 迷 魔 囉 娑 帝 帝 弭 羅 鉢 帝 利 蹇 荼 涅 利 
X02n0203_001:0880a09	何隷　斫初婆嘶　佉拏(上聲)毗迷踦(上聲)帝都裔　莎	何 隷 斫 初 婆 嘶 佉 拏 上 聲 毗 迷 踦 上 聲 帝 都 裔 莎 
X02n0203_001:0880a10	波呵　鴦求囉踦　莎波呵　布疏簸耶迷　莎波	波 呵 鴦 求 囉 踦 莎 波 呵 布 疏 簸 耶 迷 莎 波 
X02n0203_001:0880a11	呵　跛羅債鞞　莎波呵　薩智耶都裔　莎波呵	呵 跛 羅 債 鞞 莎 波 呵 薩 智 耶 都 裔 莎 波 呵 
X02n0203_001:0880a12	　賒梨囉　那婆迦羅摩毗沙　莎波呵　此陀羅	 賒 梨 囉 那 婆 迦 羅 摩 毗 沙 莎 波 呵 此 陀 羅 
X02n0203_001:0880a13	尼句擁護國王　莎波呵	尼 句 擁 護 國 王 莎 波 呵 
X02n0203_001:0880a14	此陀羅尼力令一切眾果報所須及以地味悉無減	此 陀 羅 尼 力 令 一 切 眾 果 報 所 須 及 以 地 味 悉 無 減 
X02n0203_001:0880a15	損無能毀奪地之精氣無放毒氣不壞美味能生五	損 無 能 毀 奪 地 之 精 氣 無 放 毒 氣 不 壞 美 味 能 生 五 
X02n0203_001:0880a16	穀藥草不奪其精氣無有毒氣不乾枯不澀惡不令	穀 藥 草 不 奪其精氣 無 有 毒 氣 不 乾 枯 不 澀 惡 不 令 
X02n0203_001:0880a17	不熟寒熱不傷食用無障食已無毒(略抄)。	不 熟 寒 熱 不 傷 食 用 無 障 食 已 無 毒 略 抄 
X02n0203_001:0880a18	須彌藏龍仙菩薩說呪曰。	須 彌 藏 龍 仙 菩 薩 說 呪 曰 
X02n0203_001:0880a19	多地耶他　薩躭婆步闍　毗梨荼步闍　輸拒盧	多 地 耶 他 薩 躭 婆 步 闍 毗 梨 荼 步 闍 輸 拒 盧 
X02n0203_001:0880a20	梨荼步闍　迷盧闍婆　伽除婆步闍　炎(于釰切)炎	梨 荼 步 闍 迷 盧 闍 婆 伽 除 婆 步 闍 炎 于 釰 切 炎 
X02n0203_001:0880a21	阿泥婆步闍　蘇摩羅阿跋多步闍　債菩步闍	阿 泥 婆 步 闍 蘇 摩 羅 阿 跋 多 步 闍 債 菩 步 闍 
X02n0203_001:0880a22	　莎波呵　此陀羅尼呪句擁護某甲莎波呵	 莎 波 呵 此 陀羅尼呪 句 擁 護 某 甲 莎 波 呵 
X02n0203_001:0880a23	若有眾生為諸毒龍之所惱亂當稱我名并誦此陀	若 有 眾 生 為 諸 毒 龍 之 所 惱 亂 當 稱 我 名 并 誦 此 陀 
X02n0203_001:0880a24	羅尼我滅此龍貪瞋慢妬毒惡之心不能令彼作非	羅 尼 我 滅 此 龍 貪 瞋 慢 妬 毒 惡 之 心 不 能 令 彼 作 非 
X02n0203_001:0880b01	時風雨寒熱旱潦災雹惡。	時 風 雨 寒 熱 旱 潦 災 雹 惡 
X02n0203_001:0880b02	此善住龍王為一切象龍主　此難陀龍王婆難陀	此 善住龍王 為 一 切 象 龍 主 此 難 陀 龍 王 婆 難 陀 
X02n0203_001:0880b03	龍王為一切蛇龍主　此阿耨達龍王為一切馬龍	龍 王 為 一 切 蛇 龍 主 此 阿 耨 達 龍 王 為 一 切 馬 龍 
X02n0203_001:0880b04	主　此婆樓那龍主為一切魚龍王　此摩那蘇婆	主 此 婆 樓 那 龍 主 為 一 切 魚 龍 王 此 摩 那 蘇 婆 
X02n0203_001:0880b05	帝龍王為一切蝦蟇龍主。	帝 龍 王 為 一 切 蝦 蟇 龍 主 
X02n0203_001:0880b06	善住龍王說呪曰。	善住龍王 說 呪 曰 
X02n0203_001:0880b07	多地耶他　那伽嚪步竹簁　那伽泥迷　那伽陀	多 地 耶 他 那 伽 嚪 步 竹 簁 那 伽 泥 迷 那 伽 陀 
X02n0203_001:0880b08	囉輸伽囉　輸伽囉　闍邏輸伽囉　阿鼻摩祇娑	囉 輸 伽 囉 輸 伽 囉 闍 邏 輸 伽 囉 阿 鼻 摩 祇 娑 
X02n0203_001:0880b09	波呵娑囉目企　迦羅帝步竹簁　耶婆薩躭鞞	波 呵 娑 囉 目 企 迦 羅 帝 步 竹 簁 耶 婆 薩 躭 鞞 
X02n0203_001:0880b10	　帝闍耶　婆頗頴　毗目賖羯隷　莎波呵	 帝 闍 耶 婆 頗 頴 毗 目 賖 羯 隷 莎 波 呵 
X02n0203_001:0880b11	如是陀羅尼句擁護某甲令一切怖畏一切災害悉	如 是 陀 羅 尼 句 擁 護 某 甲 令 一 切 怖 畏 一 切 災 害 悉 
X02n0203_001:0880b12	令消滅莎波呵。	令 消 滅 莎 波 呵 
X02n0203_001:0880b13	難陀龍王婆難陀陀龍王說呪曰。	難 陀 龍 王 婆 難 陀 陀 龍 王 說 呪 曰 
X02n0203_001:0880b14	多地他　婆囉拏輸迷　鳩牛婆頭囉踦婆嚧拏懼	多 地 他 婆 囉 拏 輸 迷 鳩 牛 婆 頭 囉 踦 婆 嚧 拏 懼 
X02n0203_001:0880b15	鞞　阿迦羅踦　翅賖泥毗摩何囉伽踦　鳩拏鼻	鞞 阿 迦 羅 踦 翅 賖 泥 毗 摩 何 囉 伽 踦 鳩 拏 鼻 
X02n0203_001:0880b16	　阿羅耆　阿多沙隷　那邪那躭鞞　迦羅鳩世	 阿 羅 耆 阿 多 沙 隷 那 邪 那 躭 鞞 迦 羅 鳩 世 
X02n0203_001:0880b17	　衰鴦懼波羅製乾陀何羅婆斯　莎婆呵　此陀	 衰 鴦 懼 波 羅 製 乾 陀 何 羅 婆 斯 莎 婆 呵 此 陀 
X02n0203_001:0880b18	羅尼句擁護某甲莎婆呵	羅 尼 句 擁 護 某 甲 莎 婆 呵 
X02n0203_001:0880b19	阿那婆達多龍王說呪曰。	阿 那 婆 達 多 龍 王 說 呪 曰 
X02n0203_001:0880b20	多地他　那摩比梨世　那婆耶摩比梨世　阿奴	多 地 他 那 摩 比 梨 世 那 婆 耶 摩 比 梨 世 阿 奴 
X02n0203_001:0880b21	差那婆躳牛闍鼻踦　佉伽裴佉鉢囉都嚧安廌(徒賣	差 那 婆 躳 牛 闍 鼻 踦 佉 伽 裴 佉 鉢 囉 都 嚧 安 廌 徒 賣 
X02n0203_001:0880b22	切)賀邪斯隷　那囉邪拏瞿迷　比那悉鬄隷　阿	切 賀 邪 斯 隷 那 囉 邪 拏 瞿 迷 比 那 悉 鬄 隷 阿 
X02n0203_001:0880b23	賖迦囉迷　阿初是泥移簁　牟尼薩鞞　莎波呵	賖 迦 囉 迷 阿 初 是 泥 移 簁 牟 尼 薩 鞞 莎 波 呵 
X02n0203_001:0880b24	　此陀羅尼擁護某甲令無怖畏殃禍莎波呵	 此 陀 羅 尼 擁 護 某 甲 令 無 怖 畏 殃 禍 莎 波 呵 
X02n0203_001:0880c01	婆樓那龍王說呪曰。	婆 樓 那 龍 王 說 呪 曰 
X02n0203_001:0880c02	多地他　兮摩鞞迷　簸羅綺拏瞿泥　多拏頻度	多 地 他 兮 摩 鞞 迷 簸 羅 綺 拏 瞿 泥 多 拏 頻 度 
X02n0203_001:0880c03	帝利泥　婆羅叉達利迷　伽僧俱迷　比邪牟芩	帝 利 泥 婆 羅 叉 達 利 迷 伽 僧 俱 迷 比 邪 牟 芩 
X02n0203_001:0880c04	　翅世　徒嚧謨提摩移(上)多那鋸斯　折摩奚雞	 翅 世 徒 嚧 謨 提 摩 移 上 多 那 鋸 斯 折 摩 奚 雞 
X02n0203_001:0880c05	　遮羅何羅鴦耆那茶達坻　犍荼加都隷　莎波	 遮 羅 何 羅 鴦 耆 那 茶 達 坻 犍 荼 加 都 隷 莎 波 
X02n0203_001:0880c06	呵　此陀羅尼句擁護某甲莎波呵	呵 此 陀 羅 尼 句 擁 護 某 甲 莎 波 呵 
X02n0203_001:0880c07	摩那蘇婆帝龍王說呪曰。	摩 那 蘇 婆 帝 龍 王 說 呪 曰 
X02n0203_001:0880c08	多地邪他　佛陀闍邪　婆羅差　阿摩尼迷菩哆	多 地 邪 他 佛 陀 闍 邪 婆 羅 差 阿 摩 尼 迷 菩 哆 
X02n0203_001:0880c09	　娑離梨　阿婆未提　鉢囉帝邪尼利　阿婆尼	 娑 離 梨 阿 婆 未 提 鉢 囉 帝 邪 尼 利 阿 婆 尼 
X02n0203_001:0880c10	邏迷　企羅輸簁　那蘇都卑鉢梨卑娑什鞞　娑	邏 迷 企 羅 輸 簁 那 蘇 都 卑 鉢 梨 卑 娑 什 鞞 娑 
X02n0203_001:0880c11	犍陀婆梨　波囉諵訖利移　莎波呵　此陀羅尼	犍 陀 婆 梨 波 囉 諵 訖 利 移 莎 波 呵 此 陀 羅 尼 
X02n0203_001:0880c12	擁護某甲莎波呵	擁 護 某 甲 莎 波 呵 
X02n0203_001:0880c13	地藏菩薩欲說幢杖大陀羅尼門一經耳者所有耳	地 藏 菩 薩 欲 說 幢 杖 大 陀羅尼門 一 經 耳 者 所 有 耳 
X02n0203_001:0880c14	病悉得除愈亦除一切貪瞋癡等煩惱諸病設不全	病 悉 得 除 愈 亦 除 一 切 貪 瞋 癡 等 煩 惱 諸 病 設 不 全 
X02n0203_001:0880c15	滅能令輕薄乃至於佛法中得清淨信乃至後世資	滅 能 令 輕 薄 乃 至 於佛法中 得 清 淨 信 乃 至 後 世 資 
X02n0203_001:0880c16	生豐足眾人愛樂即說呪曰。	生 豐 足 眾 人 愛 樂 即 說 呪 曰 
X02n0203_001:0880c17	多地他　崩伽婆　末帝阿盧波　摩帝器多羅浮	多 地 他 崩 伽 婆 末 帝 阿 盧 波 摩 帝 器 多 羅 浮 
X02n0203_001:0880c18	革波那蹇地　句那磨企隷　磨蹉奴隷　橋何囉	革 波 那 蹇 地 句 那 磨 企 隷 磨 蹉 奴 隷 橋 何 囉 
X02n0203_001:0880c19	那地　那叉跋迷槃陀阿囉輸迷　捭伽羅耆梨迷	那 地 那 叉 跋 迷 槃 陀 阿 囉 輸 迷 捭 伽 羅 耆 梨 迷 
X02n0203_001:0880c20	　盧醯多何羅鞞　濘伽羅蘇　婆伽那兮梨泥	 盧 醯 多 何 羅 鞞 濘 伽 羅 蘇 婆 伽 那 兮 梨 泥 
X02n0203_001:0880c21	　安陀柘漩梨迦囉浮逝　雞舍盧醯　三摩提頭婆	 安 陀 柘 漩 梨 迦 囉 浮 逝 雞 舍 盧 醯 三 摩 提 頭 婆 
X02n0203_001:0880c22	利　莎波呵　此陀羅尼句擁護某甲令離怖畏莎	利 莎 波 呵 此 陀 羅 尼 句 擁 護 某 甲 令 離 怖 畏 莎 
X02n0203_001:0880c23	波呵	波 呵 
X02n0203_001:0880c24	無盡意菩薩說一切如來語言者聲發幢蓋摩尼願	無 盡 意 菩 薩 說 一 切 如 來 語 言 者 聲 發 幢 蓋 摩 尼 願 
X02n0203_001:0881a01	眼大陀羅尼有大威德有大威勢有大威力滿多聞	眼 大 陀 羅 尼 有 大 威 德 有 大 威 勢 有 大 威 力 滿 多 聞 
X02n0203_001:0881a02	藏滿智慧藏諸佛聲聞之所成就若有如來所盡形	藏 滿 智 慧 藏 諸 佛 聲 聞 之 所 成 就 若 有 如 來 所 盡 形 
X02n0203_001:0881a03	壽安住淨戒安住優婆塞戒若住沙彌戒若住具足	壽 安 住 淨 戒 安 住 優婆塞戒 若 住 沙 彌 戒 若 住 具 足 
X02n0203_001:0881a04	戒若器非器若於此幢蓋摩尼願眼大陀羅尼能受	戒 若 器 非 器 若 於 此 幢 蓋 摩 尼 願 眼 大 陀 羅 尼 能 受 
X02n0203_001:0881a05	持讀誦七日七日慧觀方便恒常觀察於五受陰數	持 讀 誦 七 日 七 日 慧 觀 方 便 恒 常 觀 察 於 五 受 陰 數 
X02n0203_001:0881a06	數誦此大陀羅尼於七日七夜能誦滿百千遍便得	數 誦 此 大 陀 羅 尼 於 七日七夜 能 誦 滿 百 千 遍 便 得 
X02n0203_001:0881a07	聞持隨聞能受得無量辯才能令剎利婆羅門毗舍	聞 持 隨 聞 能 受 得 無 量 辯 才 能 令 剎 利 婆 羅 門 毗 舍 
X02n0203_001:0881a08	首陀及一切眾生生敬信心又復能令豐足資財趣	首 陀 及 一 切 眾 生 生 敬 信 心 又 復 能 令 豐 足 資 財 趣 
X02n0203_001:0881a09	向天道常得親近生諸佛即說呪曰。	向 天 道 常 得 親 近 生 諸 佛 即 說 呪 曰 
X02n0203_001:0881a10	多地他　帝利拏　僧是若翅　鼻帝利拏　頻鞞	多 地 他 帝 利 拏 僧 是 若 翅 鼻 帝 利 拏 頻 鞞 
X02n0203_001:0881a11	迦[口*藍]陀差　蒱婆蘇閉　遮摩羅諶鞞阿婆羅差	迦 [口藍] 陀 差 蒱 婆 蘇 閉 遮 摩 羅 諶 鞞 阿 婆 羅 差 
X02n0203_001:0881a12	　阿差邪盧臂　阿遲邪兜摩帝彌利尸利婆毗莎婆	 阿 差 邪 盧 臂 阿 遲 邪 兜 摩 帝 彌 利 尸 利 婆 毗 莎 婆 
X02n0203_001:0881a13	利　鴦渠闍陀是禰　闍闍囉奴迷　阿那摩輸地	利 鴦 渠 闍 陀 是 禰 闍 闍 囉 奴 迷 阿 那 摩 輸 地 
X02n0203_001:0881a14	　彌梨佉其利差　尼羅婆嚌　未伽婆差　袍婆	 彌 梨 佉 其 利 差 尼 羅 婆 嚌 未 伽 婆 差 袍 婆 
X02n0203_001:0881a15	莎婆利呵佛梨　帝蘇步　莎婆囉佉逝　蘇謨帝	莎 婆 利 呵 佛 梨 帝 蘇 步 莎 婆 囉 佉 逝 蘇 謨 帝 
X02n0203_001:0881a16	謨泥　莎波呵　此陀羅尼擁護某甲莎波呵	謨 泥 莎 波 呵 此 陀 羅 尼 擁 護 某 甲 莎 波 呵 
X02n0203_001:0881a17	文殊師利菩薩欲令此四天下所有樹木華果五穀	文 殊 師 利 菩 薩 欲 令 此 四 天 下 所 有 樹 木 華 果 五 穀 
X02n0203_001:0881a18	藥味芽莖枝葉及依地眾生資須之具令其豐足為	藥 味 芽 莖 枝 葉 及 依 地 眾 生 資 須 之 具 令 其 豐 足 為 
X02n0203_001:0881a19	擁護故說大陀羅尼名能懼尸利子利奴此四天下	擁 護 故 說 大 陀 羅 尼 名 能 懼 尸 利 子 利 奴 此 四 天 下 
X02n0203_001:0881a20	中希有未有□增長一切種子芽莖枝葉華果藥味	中 希 有 未 有 增 長 一切種子 芽 莖 枝 葉 華 果 藥 味 
X02n0203_001:0881a21	潤澤甘味悉皆豐饒令一切眾生能作信戒多聞布	潤 澤 甘 味 悉 皆 豐 饒 令 一 切 眾 生 能 作 信 戒 多 聞 布 
X02n0203_001:0881a22	施智慧慈悲方便長養一切助菩提分法即於佛前	施 智慧慈悲 方 便 長 養 一 切 助 菩提分法 即 於 佛 前 
X02n0203_001:0881a23	而說呪曰。	而 說 呪 曰 
X02n0203_001:0881a24	多地他　阿曼禰邪居閉　伽婆叉毗誓渠盧遮盧	多 地 他 阿 曼 禰 邪 居 閉 伽 婆 叉 毗 誓 渠 盧 遮 盧 
X02n0203_001:0881b01	迷　尸利邪叉居蘇迷那婆鋸聞地(徒賣切)　何囉闍	迷 尸 利 邪 叉 居 蘇 迷 那 婆 鋸 聞 地 徒 賣 切 何 囉 闍 
X02n0203_001:0881b02	跋迷車吒婆波摩嚌畢素狠祇阿佛囉素隷何娑伽	跋 迷 車 吒 婆 波 摩 嚌 畢 素 狠 祇 阿 佛 囉 素 隷 何 娑 伽 
X02n0203_001:0881b03	闍差　盧摩浮闍差　鉗毗囉婆素迷　阿奴摩邪	闍 差 盧 摩 浮 闍 差 鉗 毗 囉 婆 素 迷 阿 奴 摩 邪 
X02n0203_001:0881b04	薩利鉢羅賒都裔莎波呵　此陀羅尼句擁護某甲	薩 利 鉢 羅 賒 都 裔 莎 波 呵 此 陀 羅 尼 句 擁 護 某 甲 
X02n0203_001:0881b05	莎波呵	莎 波 呵 
X02n0203_001:0881b06	以此陀羅尼書高幢上以大音聲而讚誦之復以此	以 此 陀 羅 尼 書 高 幢 上 以 大 音 聲 而 讚 誦 之 復 以 此 
X02n0203_001:0881b07	陀羅尼呪阿那果汁一千遍用散樹木田苗五穀若	陀羅尼呪 阿 那 果 汁 一 千 遍 用 散 樹 木 田 苗 五 穀 若 
X02n0203_001:0881b08	以此呪呪諸螺鼓而吹繫之隨其音聲所到之處所	以 此 呪 呪 諸 螺 鼓 而 吹 繫 之 隨 其 音 聲 所 到 之 處 所 
X02n0203_001:0881b09	有華果五穀藥味依地生者一切災害無能毀壞無	有 華 果 五 穀 藥 味 依 地 生 者 一 切 災 害 無 能 毀 壞 無 
X02n0203_001:0881b10	能乾枯(云云)。	能 乾 枯 云 云 
X02n0203_001:0881b11	觀世音菩薩說船華功德大陀羅尼曰。	觀 世 音 菩 薩 說 船 華 功 德 大 陀 羅 尼 曰 
X02n0203_001:0881b12	多地邪他　藍步莎婆利迦莎邪跋迷　三稱移婆	多 地 邪 他 藍 步 莎 婆 利 迦 莎 邪 跋 迷 三 稱 移 婆 
X02n0203_001:0881b13	竭隷　陀婆何楞伽闍隷　募力差素何叉莎婆梨	竭 隷 陀 婆 何 楞 伽 闍 隷 募 力 差 素 何 叉 莎 婆 梨 
X02n0203_001:0881b14	蘇呵風祇阿婆路迦陀隷悉陀呵毗呵毗婆差馳呵	蘇 呵 風 祇 阿 婆 路 迦 陀 隷 悉 陀 呵 毗 呵 毗 婆 差 馳 呵 
X02n0203_001:0881b15	　那頻婆兮梨　阿毗扇陀遏鞞　搔婆遮羅　阿	 那 頻 婆 兮 梨 阿 毗 扇 陀 遏 鞞 搔 婆 遮 羅 阿 
X02n0203_001:0881b16	婆囉何羅斯婆羅呵初地　利[王*垔]迦何囉都裔　三	婆 囉 何 羅 斯 婆 羅 呵 初 地 利 [王垔] 迦 何 囉 都 裔 三 
X02n0203_001:0881b17	摩提羯泥婆羅闍尼帝利　摩訶浮多究細　阿囉	摩 提 羯 泥 婆 羅 闍 尼 帝 利 摩 訶 浮 多 究 細 阿 囉 
X02n0203_001:0881b18	拏尼隷　婆羅呵賒迷　尼羅居蘇迷　莎波呵	拏 尼 隷 婆 羅 呵 賒 迷 尼 羅 居 蘇 迷 莎 波 呵 
X02n0203_001:0881b19	　此陀羅尼句擁護國主莎波呵	 此 陀 羅 尼 句 擁 護 國 主 莎 波 呵 
X02n0203_001:0881b20	若諸眾生聞此陀羅尼音一經耳者乃至微細蚊蚋	若 諸 眾 生 聞 此 陀 羅 尼 音 一 經 耳 者 乃 至 微 細 蚊 蚋 
X02n0203_001:0881b21	蟲等濁惡之心皆悉消滅於善法中得安住心況復	蟲 等 濁 惡 之 心 皆 悉 消 滅 於 善 法 中 得 安 住 心 況 復 
X02n0203_001:0881b22	人等得聞此陀羅尼若有人欲求雨者當至泉原龍	人 等 得 聞 此 陀 羅 尼 若 有 人 欲 求 雨 者 當 至 泉 原 龍 
X02n0203_001:0881b23	居之處誦此陀羅尼一日誦一千八遍日日如是乃	居 之 處 誦 此 陀 羅 尼 一 日 誦 一 千 八 遍 日 日 如 是 乃 
X02n0203_001:0881b24	至七日復以種種好華名香百味飲食散龍池中唯	至 七 日 復 以 種 種 好 華 名 香 百 味 飲 食 散 龍 池 中 唯 
X02n0203_001:0881c01	除酒肉五辛不淨之食從月七日至十四日於十五	除 酒 肉 五 辛 不 淨 之 食 從 月 七 日 至 十 四 日 於 十 五 
X02n0203_001:0881c02	日旦當以胡椒末和豍麻油呪一千八遍塗白氎上	日 旦 當 以 胡 椒 末 和 豍 麻 油 呪 一 千 八 遍 塗 白 氎 上 
X02n0203_001:0881c03	棄龍泉中能令此龍於彼人所生大欣喜便澍大雨	棄 龍 泉 中 能 令 此 龍 於 彼 人 所 生 大 欣 喜 便 澍 大 雨 
X02n0203_001:0881c04	世尊即說偈言。	世 尊 即 說 偈 言 
X02n0203_001:0881c05	　所有諸苦生　　皆由於飲食　　若離於飲食	 所 有 諸 苦 生 皆 由 於 飲 食 若 離 於 飲 食 
X02n0203_001:0881c06	　諸苦則不生	 諸 苦 則 不 生 
X02n0203_001:0881c07	觀世音菩薩說呪曰。	觀 世 音 菩 薩 說 呪 曰 
X02n0203_001:0881c08	多地他　牟尼尸婆　牟尼那佉　牟尼波羅　牟	多 地 他 牟 尼 尸 婆 牟 尼 那 佉 牟 尼 波 羅 牟 
X02n0203_001:0881c09	尼莎利　薩[豆*斤]婆於娑差帝剎多囉波羅那膩羅	尼 莎 利 薩 [豆斤] 婆 於 娑 差 帝 剎 多 囉 波 羅 那 膩 羅 
X02n0203_001:0881c10	　婆邪婆　薩婆毗闍　邪婆悉利梨　莎波呵　此	 婆 邪 婆 薩 婆 毗 闍 邪 婆 悉 利 梨 莎 波 呵 此 
X02n0203_001:0881c11	陀羅尼句擁護某甲莎波呵	陀 羅 尼 句 擁 護 某 甲 莎 波 呵 
