X62n1195_001:0547a06	 念佛起緣觀偈直解敘	 念 佛 起 緣 觀 偈 直 解 敘 
X62n1195_001:0547a08	念佛一門。乃諸佛教網之宏綱。主掌淨土之要門也。	念 佛 一 門 乃 諸 佛 教 網 之 宏 綱 主 掌 淨 土 之 要 門 也 
X62n1195_001:0547a09	初倡自靈山。接脉於震旦。則自晉時廬山始。至隋出	初 倡 自 靈 山 接 脉 於 震 旦 則 自 晉 時 廬 山 始 至 隋 出 
X62n1195_001:0547a10	有天台智者。弘通念佛之一法。於是宏綱揭。教網張。	有 天 台 智 者 弘 通 念 佛 之 一 法 於 是 宏 綱 揭 教 網 張 
X62n1195_001:0547a11	而我佛廣長舌相。遂即遍覆於震旦。隋時之智者。即	而 我 佛 廣長舌相 遂 即 遍 覆 於 震 旦 隋 時 之 智 者 即 
X62n1195_001:0547a12	天台第一代祖也。所作有十疑論。指歸淨土。成就出	天 台 第 一 代 祖 也 所 作 有 十 疑 論 指 歸 淨 土 成 就 出 
X62n1195_001:0547a13	世三不退地。於末法眾生機緣易接處。要功則仗在	世 三 不 退 地 於 末 法 眾 生 機 緣 易 接 處 要 功 則 仗 在 
X62n1195_001:0547a14	念佛。一一論中。抉破羣疑。發明玄奧。實主掌淨土之	念 佛 一 一 論 中 抉 破 羣 疑 發 明 玄 奧 實 主 掌 淨 土 之 
X62n1195_001:0547a15	大宗匠也。余思佛教之行。較難於儒。其欲振季世之	大 宗 匠 也 余 思 佛 教 之 行 較 難 於 儒 其 欲 振 季 世 之 
X62n1195_001:0547a16	頹綱。紹靈山之法脉。此一大事。決非聖人不能任。先	頹 綱 紹 靈 山 之 法 脉 此 一 大 事 決 非 聖 人 不 能 任 先 
X62n1195_001:0547a17	賢以為天台第一代祖。即釋迦再來身者。洵屬可信。	賢 以 為 天 台 第 一 代 祖 即 釋 迦 再 來 身 者 洵 屬 可 信 
X62n1195_001:0547a18	嗣是有繼天台而起者。如唐之飛錫。則有寶王論。宋	嗣 是 有 繼 天 台 而 起 者 如 唐 之 飛 錫 則 有 寶 王 論 宋 
X62n1195_001:0547a19	之優曇有寶鑑。元之天如有或問。其餘若宗鏡若公	之 優 曇 有 寶 鑑 元 之 天 如 有 或 問 其 餘 若 宗 鏡 若 公 
X62n1195_001:0547a20	據若合論。歷代傳人。著作甚富。余難盡述。迨到明時	據 若 合 論 歷 代 傳 人 著 作 甚 富 余 難 盡 述 迨 到 明 時 
X62n1195_001:0547a21	蕅益大師出自靈峰。集有淨土十要一書。允可謂繼。	蕅 益 大 師 出 自 靈 峰 集 有 淨 土 十 要 一 書 允 可 謂 繼 
X62n1195_001:0547a22	天台而集其大成。第窮鄉委巷。老幼婦女。但知習得	天 台 而 集 其 大 成 第 窮 鄉 委 巷 老 幼 婦 女 但 知 習 得 
X62n1195_001:0547a23	八句觀偈。未能達得大部全書。是可慨也。甚至有怖	八 句 觀 偈 未 能 達 得 大 部 全 書 是 可 慨 也 甚 至 有 怖 
X62n1195_001:0547a24	冥司乏資。直將念佛一句作錢抵者。噫。是把明珠彈	冥 司 乏 資 直 將 念 佛 一 句 作 錢 抵 者 噫 是 把 明 珠 彈 
X62n1195_001:0547b01	雀耳。不知念佛一門。乃橫截生死之慧劍。徑出幽冥	雀 耳 不 知 念 佛 一 門 乃 橫 截 生 死 之 慧 劍 徑 出 幽 冥 
X62n1195_001:0547b02	之快帆。作佛度生。在此一念。生蓮出劫。在此一念。肯	之 快 帆 作 佛 度 生 在 此 一 念 生 蓮 出 劫 在 此 一 念 肯 
X62n1195_001:0547b03	將此念作錢抵乎。盖念無大小。要知圓解。觀經云。諸	將 此 念 作 錢 抵 乎 盖 念 無 大 小 要 知 圓 解 觀 經 云 諸 
X62n1195_001:0547b04	佛如來。是法界身。入一切眾生心想中。故知佛面向	佛 如 來 是 法 界 身 入 一 切 眾 生 心 想 中 故 知 佛 面 向 
X62n1195_001:0547b05	於一切眾生。念一句佛。則能摧敵一切眾生之業障。	於 一 切 眾 生 念 一 句 佛 則 能 摧 敵 一 切 眾 生 之 業 障 
X62n1195_001:0547b06	念一句佛。則能震動一切眾生之慧茅。業障摧。則土	念 一 句 佛 則 能 震 動 一 切 眾 生 之 慧 茅 業 障 摧 則 土 
X62n1195_001:0547b07	不期淨而自淨。是以有淨土出生。慧芽震。則華不期	不 期 淨 而 自 淨 是 以 有 淨 土 出 生 慧 芽 震 則 華 不 期 
X62n1195_001:0547b08	敷而自敷。是以有蓮華托體。世界廣無邊。則此一念	敷 而 自 敷 是 以 有 蓮 華 托 體 世 界 廣 無 邊 則 此 一 念 
X62n1195_001:0547b09	之力亦無邊。眾生出無盡。則此一念之力亦無盡。當	之 力 亦 無 邊 眾 生 出 無 盡 則 此 一 念 之 力 亦 無 盡 當 
X62n1195_001:0547b10	知能把佛號。但念一聲。則菩提種子。永劫長栽。巍巍	知 能 把 佛 號 但 念 一 聲 則 菩 提 種 子 永 劫 長 栽 巍 巍 
X62n1195_001:0547b11	功德。法界同量。由是一柱香一瓣華供在佛前。即能	功 德 法 界 同 量 由 是 一 柱 香 一 瓣 華 供 在 佛 前 即 能 
X62n1195_001:0547b12	徧供一切眾生。能令眾生熏此華香。均獲未來作佛	徧 供 一 切 眾 生 能 令 眾 生 熏 此 華 香 均 獲 未 來 作 佛 
X62n1195_001:0547b13	資糧。借幻求實。無幻非真。識是圓解。念佛方能得力。	資 糧 借 幻 求 實 無 幻 非 真 識 是 圓 解 念 佛 方 能 得 力 
X62n1195_001:0547b14	噫。此一法門。功德誠難思議。爾借八句觀偈。因所習	噫 此 一 法 門 功 德 誠 難 思 議 爾 借 八 句 觀 偈 因 所 習 
X62n1195_001:0547b15	而順導之。亦欲其儕儕齊超淨土。使信知有念佛一	而 順 導 之 亦 欲 其 儕 儕 齊 超 淨 土 使 信 知 有 念 佛 一 
X62n1195_001:0547b16	門也。惟願有志斯道者。閱吾是編。進以靈峰之十要。	門 也 惟 願 有 志 斯 道 者 閱 吾 是 編 進 以 靈 峰 之 十 要 
X62n1195_001:0547b17	則淨土之趣。直可當下自悟矣。	則 淨 土 之 趣 直 可 當 下 自 悟 矣 
X62n1195_001:0547b18	同治甲戌孟夏　剡南後學　張淵　謹識	同 治 甲 戌 孟 夏 剡 南 後 學 張 淵 謹 識 
X62n1195_001:0547c03	念佛起緣彌陀觀偈直解	念 佛 起 緣 彌 陀 觀 偈 直 解 
X62n1195_001:0547c05	剡南　張　淵潛室氏　述	剡 南 張 淵 潛 室 氏 述 
X62n1195_001:0547c06	章夢仙鹿遊氏　輯	章 夢 仙 鹿 遊 氏 輯 
X62n1195_001:0547c07	剡西　樓仁深靜山氏	剡 西 樓 仁 深 靜 山 氏 
X62n1195_001:0547c08	　趙洪文許齋氏	 趙 洪 文 許 齋 氏 
X62n1195_001:0547c09	　衲　戒肅蓮芳　同校	 衲 戒 肅 蓮 芳 同 校 
X62n1195_001:0547c10	　阿彌陀佛身金色	 阿 彌 陀 佛 身 金 色 
X62n1195_001:0547c11	佛地論。佛。覺也。覺一切種智。復能覺有情。如睡夢	佛 地 論 佛 覺 也 覺 一切種智 復 能 覺 有 情 如 睡 夢 
X62n1195_001:0547c12	覺。故名為佛。又具一切智。一切種智。出煩惱障。及	覺 故 名 為 佛 又 具 一 切 智 一切種智 出 煩 惱 障 及 
X62n1195_001:0547c13	所知障。覺了一切諸法性相。能自開覺。亦能開覺	所 知 障 覺 了 一切諸法 性 相 能 自 開 覺 亦 能 開 覺 
X62n1195_001:0547c14	一切有情。如睡夢覺。如蓮華開。故稱為佛。又覺有	一切有情 如 睡 夢 覺 如 蓮 華 開 故 稱 為 佛 又 覺 有 
X62n1195_001:0547c15	三義。自覺。覺他。覺滿。	三 義 自 覺 覺 他 覺 滿 
X62n1195_001:0547c16	(按。智有三種。即自覺覺他覺滿同一義故。一切智圓。即羅漢界。種智圓。即菩薩界。一切種智圓。則法	 按 智 有 三 種 即 自覺覺他 覺 滿 同 一 義 故 一 切 智 圓 即 羅 漢 界 種 智 圓 即 菩 薩 界 一切種智 圓 則 法 
X62n1195_001:0547c17	身充滿法界。即佛界也。又。入羅漢界。則煩惱障出。圓一切智。尚餘無明一所。留滯成知。入菩薩界。則	身 充 滿 法 界 即 佛 界 也 又 入 羅 漢 界 則 煩 惱 障 出 圓 一 切 智 尚 餘 無 明 一 所 留 滯 成 知 入 菩 薩 界 則 
X62n1195_001:0547c18	所知障出。圓道種智。此智既從道種而流。則無明已破。所知不留。但破猶未盡。若入佛界。則破盡無	所 知 障 出 圓 道 種 智 此 智 既 從 道 種 而 流 則 無 明 已 破 所 知 不 留 但 破 猶 未 盡 若 入 佛 界 則 破 盡 無 
X62n1195_001:0547c19	明。寂智雙照。是名圓一切智一切種智。又。煩惱即是無明內障。無明即是煩惱外障。羅漢未全道種。	明 寂 智 雙 照 是 名 圓 一 切 智 一切種智 又 煩 惱 即 是 無 明 內 障 無 明 即 是 煩 惱 外 障 羅 漢 未 全 道 種 
X62n1195_001:0547c20	但過內障。未過外障故。於眾生塵勞界內。畏其復為惑着。一出不敢復入。只能自覺。未能覺他有情。	但 過 內 障 未 過 外 障 故 於 眾 生 塵 勞 界 內 畏 其 復 為 惑 着 一 出 不 敢 復 入 只 能 自 覺 未 能 覺 他 有 情 
X62n1195_001:0547c21	菩薩已全道種。能以種種助道因緣。對治無明惑着。故能徧入塵勞。無復為障。既能自覺。能覺他也	菩 薩 已 全 道 種 能 以 種 種 助 道 因 緣 對 治 無 明 惑 着 故 能 徧 入 塵 勞 無 復 為 障 既 能 自 覺 能 覺 他 也 
X62n1195_001:0547c22	佛則自他圓解。證究竟覺。全惑即智。全障即德。是為覺滿○上三種智。分屬三人。欲人易解。故依別	佛 則 自 他 圓 解 證 究 竟 覺 全 惑 即 智 全 障 即 德 是 為 覺 滿 上 三 種 智 分 屬 三 人 欲 人 易 解 故 依 別 
X62n1195_001:0547c23	教漸次分別。若依頓教。念佛成佛。不經漸次。何以故。念佛即是佛之親種故。但得三昧開發。當念即	教 漸 次 分 別 若 依 頓 教 念 佛 成 佛 不 經 漸 次 何 以 故 念 佛 即 是 佛 之 親 種 故 但 得 三 昧 開 發 當 念 即 
X62n1195_001:0547c24	入佛智。超過別教諸位菩薩也。於十地中。位在初地)。	入 佛 智 超 過 別 教 諸 位 菩 薩 也 於 十 地 中 位 在 初 地 
X62n1195_001:0548a01	阿彌陀。翻譯。釋云無量。即觀經所稱無量壽佛也。	阿 彌 陀 翻 譯 釋 云 無 量 即 觀 經 所 稱 無 量 壽 佛 也 
X62n1195_001:0548a02	諸佛如來。智慧。功德。慈悲。攝化。神通。方便。及法身	諸佛如來 智 慧 功 德 慈 悲 攝 化 神 通 方 便 及 法 身 
X62n1195_001:0548a03	等。一切雖皆云無量。惟壽命之脩短。則各隨本願。	等 一 切 雖 皆 云 無 量 惟 壽 命 之 脩 短 則 各 隨 本 願 
X62n1195_001:0548a04	彌陀住世願深。壽命亦稱無量。故號之曰阿彌陀。	彌 陀 住 世 願 深 壽 命 亦 稱 無 量 故 號 之 曰 阿 彌 陀 
X62n1195_001:0548a05	噫。有彌陀之住世。則釋迦可滅度矣。念佛者。應作	噫 有 彌 陀 之 住 世 則 釋 迦 可 滅 度 矣 念 佛 者 應 作 
X62n1195_001:0548a06	本師替身觀(百)。	本 師 替 身 觀 百 
X62n1195_001:0548a07	身金色。身有三義。即法身報身應身也。第法身一	身 金 色 身 有 三 義 即 法 身 報 身 應 身 也 第 法 身 一 
X62n1195_001:0548a08	端。乃諸佛垂教之宗旨。念佛者若解其義。則根器	端 乃 諸 佛 垂 教 之 宗 旨 念 佛 者 若 解 其 義 則 根 器 
X62n1195_001:0548a09	自利。他日出生境界。與中下二根不同。此一要義。	自 利 他 日 出 生 境 界 與 中 下 二 根 不 同 此 一 要 義 
X62n1195_001:0548a10	不可不詳。余為一一述之。法身者。即如來藏大涅	不 可 不 詳 余 為 一 一 述 之 法 身 者 即 如 來 藏 大 涅 
X62n1195_001:0548a11	槃體。生滅心滅。真如心現。即名法身。此身無土可	槃 體 生 滅 心 滅 真 如 心 現 即 名 法 身 此 身 無 土 可 
X62n1195_001:0548a12	來。無土可去。本法界身。周徧一切。何以故。葢心體	來 無 土 可 去 本 法 界 身 周 徧 一 切 何 以 故 葢 心 體 
X62n1195_001:0548a13	本寂。故曰真如。取亦自心。離亦自心。余有偈曰。心	本 寂 故 曰 真 如 取 亦 自 心 離 亦 自 心 余 有 偈 曰 心 
X62n1195_001:0548a14	惟自心取。即心成非相。非相宛轉生。故起眾生界。	惟 自 心 取 即 心 成 非 相 非 相 宛 轉 生 故 起 眾 生 界 
X62n1195_001:0548a15	世界悉幻法。皆即自心造。離心心亦空。幻法憑誰	世 界 悉 幻 法 皆 即 自 心 造 離 心 心 亦 空 幻 法 憑 誰 
X62n1195_001:0548a16	立。本無眾生相。那有諸法生。諸法尚不生。世界緣	立 本 無 眾 生 相 那 有 諸 法 生 諸 法 尚 不 生 世 界 緣 
X62n1195_001:0548a17	誰起。此即妙真如。一路涅槃門。涅槃本如是。是即	誰 起 此 即 妙 真 如 一 路 涅 槃 門 涅 槃 本 如 是 是 即 
X62n1195_001:0548a18	如來藏。十方諸如來。同此齊超越。同此證究竟。當	如 來 藏 十 方 諸 如 來 同 此 齊 超 越 同 此 證 究 竟 當 
X62n1195_001:0548a19	知此妙真如。即徧具徧造之本智。一切如來平等	知 此 妙 真 如 即 徧 具 徧 造 之 本 智 一 切 如 來 平 等 
X62n1195_001:0548a20	之法身。念佛者。若達其義。則一念在佛。即成一念	之 法 身 念 佛 者 若 達 其 義 則 一 念 在 佛 即 成 一 念 
X62n1195_001:0548a21	智。念念在佛。即成念念智。念到念無可念。念入無	智 念 念 在 佛 即 成 念 念 智 念 到 念 無 可 念 念 入 無 
X62n1195_001:0548a22	念。忽然念到心空解脫。萬境俱寂。當下瞥見彌陀	念 忽 然 念 到 心 空 解 脫 萬 境 俱 寂 當 下 瞥 見 彌 陀 
X62n1195_001:0548a23	現前。故知即是本性彌陀。淨土出生。故知即是唯	現 前 故 知 即 是 本 性 彌 陀 淨 土 出 生 故 知 即 是 唯 
X62n1195_001:0548a24	心淨土。悟自他分別之等非。獲感應惟心之妙旨。	心 淨 土 悟 自 他 分 別 之 等 非 獲 感 應 惟 心 之 妙 旨 
X62n1195_001:0548b01	然但是凡地脩行。一念甚微。若非仗彼果位之佛	然 但 是 凡 地 脩 行 一 念 甚 微 若 非 仗 彼 果 位 之 佛 
X62n1195_001:0548b02	繫念。則此一念之力。果能破得無明重障乎。果能	繫 念 則 此 一 念 之 力 果 能 破 得 無 明 重 障 乎 果 能 
X62n1195_001:0548b03	斷得歷劫煩惱乎。惟既達得真如妙際。繫念一佛。	斷 得 歷 劫 煩 惱 乎 惟 既 達 得 真 如 妙 際 繫 念 一 佛 
X62n1195_001:0548b04	則彼果位之佛心。亦非定是他心。因地之念心。亦	則 彼 果 位 之 佛 心 亦 非 定 是 他 心 因 地 之 念 心 亦 
X62n1195_001:0548b05	非定是我心。總之法身之圓滿也。又按華嚴。釋迦	非 定 是 我 心 總 之 法 身 之 圓 滿 也 又 按 華 嚴 釋 迦 
X62n1195_001:0548b06	成正覺時。於其身中。普見一切眾生成正覺。乃至	成 正 覺 時 於 其 身 中 普 見 一 切 眾 生 成 正 覺 乃 至 
X62n1195_001:0548b07	普見一切眾生入涅槃。皆於此身中普見。此即法	普 見 一 切 眾 生 入 涅 槃 皆 於 此 身 中 普 見 此 即 法 
X62n1195_001:0548b08	性徧體之義。可證法身之充滿。經云。佛身充滿於	性 徧 體 之 義 可 證 法 身 之 充 滿 經 云 佛 身 充 滿 於 
X62n1195_001:0548b09	法界。普現一切羣生前。隨緣赴感靡不周。而恒處	法 界 普 現 一 切 羣 生 前 隨 緣 赴 感 靡 不 周 而 恒 處 
X62n1195_001:0548b10	此菩提座。知釋迦之法身如是。即知一切諸佛之	此 菩 提 座 知 釋 迦 之 法 身 如 是 即 知 一切諸佛 之 
X62n1195_001:0548b11	法身。亦知彌陀法身也。經云。一切諸如來。同共一	法 身 亦 知 彌 陀 法 身 也 經 云 一切諸如來 同 共 一 
X62n1195_001:0548b12	法身。一心一智慧。力無畏亦然。以上俱指法身言。	法 身 一 心 一 智 慧 力 無 畏 亦 然 以 上 俱 指 法 身 言 
X62n1195_001:0548b13	大約法身有三義。一平等無分別義。二寂體徧周	大 約 法 身 有 三 義 一 平 等 無 分 別 義 二 寂 體 徧 周 
X62n1195_001:0548b14	義。三真如性無動壞。一切能隨緣用義。故此法身。	義 三 真 如 性 無 動 壞 一 切 能 隨 緣 用 義 故 此 法 身 
X62n1195_001:0548b15	廣之原是法界。約之即是唯心。以法界心。具法界	廣 之 原 是 法 界 約 之 即 是 唯 心 以 法 界 心 具 法 界 
X62n1195_001:0548b16	身。而即造於法界不思議之緣。故既法界緣顯。斯	身 而 即 造 於 法 界 不 思 議 之 緣 故 既 法 界 緣 顯 斯 
X62n1195_001:0548b17	得法界身彰。若具若造。俱莫思議。不思議者。即是	得 法 界 身 彰 若 具 若 造 俱 莫 思 議 不 思 議 者 即 是 
X62n1195_001:0548b18	唯心。智者觀門。知我一心。具造法界。造亦唯心。具	唯 心 智 者 觀 門 知 我 一 心 具 造 法 界 造 亦 唯 心 具 
X62n1195_001:0548b19	亦唯心。本不思議。以即空。即假。即中。立不思議三	亦 唯 心 本 不 思 議 以 即 空 即 假 即 中 立 不 思 議 三 
X62n1195_001:0548b20	觀。方是顯法界之真路。達唯心之妙旨。然彼三觀。	觀 方 是 顯 法 界 之 真 路 達 唯 心 之 妙 旨 然 彼 三 觀 
X62n1195_001:0548b21	即是圓觀。云不思議。非是不可思議。直是不得思	即 是 圓 觀 云 不 思 議 非 是 不可思議 直 是 不 得 思 
X62n1195_001:0548b22	議。良由寂滅真心。非以思議得入。以不思議中。正	議 良 由 寂 滅 真 心 非 以 思 議 得 入 以 不 思 議 中 正 
X62n1195_001:0548b23	是發觀智之真路處。今不思議念門。與彼觀門。無	是 發 觀 智 之 真 路 處 今 不 思 議 念 門 與 彼 觀 門 無 
X62n1195_001:0548b24	二無別。要須達得不思議。則彌陀法身不現而現。	二 無 別 要 須 達 得 不 思 議 則 彌 陀 法 身 不 現 而 現 
X62n1195_001:0548c01	我念佛心。由本智顯。是名真實念法身佛。此一法	我 念 佛 心 由 本 智 顯 是 名 真 實 念 法 身 佛 此 一 法 
X62n1195_001:0548c02	身。惟佛與佛。斯證究竟。報身者。莊嚴功德所報之	身 惟 佛 與 佛 斯 證 究 竟 報 身 者 莊 嚴 功 德 所 報 之 
X62n1195_001:0548c03	身。此身本由攝受眾生願力而起。故湧現為莊嚴	身 此 身 本 由 攝 受 眾 生 願 力 而 起 故 湧 現 為 莊 嚴 
X62n1195_001:0548c04	功德之報身。亦是應化菩薩之身。所謂目廣如四	功 德 之 報 身 亦 是 應 化 菩 薩 之 身 所 謂 目 廣 如 四 
X62n1195_001:0548c05	大海。毫廣如五須彌。一身之中。各有八萬四千光	大 海 毫 廣 如 五 須 彌 一 身 之 中 各 有 八萬四千 光 
X62n1195_001:0548c06	明相好。則身量亦屬無邊。惟大菩薩。斯能見得。即	明 相 好 則 身 量 亦 屬 無 邊 惟 大 菩 薩 斯 能 見 得 即 
X62n1195_001:0548c07	所謂尊特身也。應身者。分身一切世界應化之身。	所 謂 尊 特 身 也 應 身 者 分 身 一切世界 應 化 之 身 
X62n1195_001:0548c08	或現丈六身。或現八尺身。其身惟隨眾生身量之	或 現 丈 六 身 或 現 八 尺 身 其 身 惟 隨 眾 生 身 量 之 
X62n1195_001:0548c09	大小而應之。身具三十二相。八十種好。項上圓光。	大 小 而 應 之 身 具 三十二相 八十種好 項 上 圓 光 
X62n1195_001:0548c10	及一身周圍之光。所現廣狹。亦是不齊。惟頂上肉	及 一 身 周 圍 之 光 所 現 廣 狹 亦 是 不 齊 惟 頂 上 肉 
X62n1195_001:0548c11	髻所現一相。更號之曰無見頂。雖大菩薩。終莫窺	髻 所 現 一 相 更 號 之 曰 無 見 頂 雖 大 菩 薩 終 莫 窺 
X62n1195_001:0548c12	其邊際。豈不即應化身。亦即見於無邊。此身四果	其 邊 際 豈 不 即 應 化 身 亦 即 見 於 無 邊 此 身 四 果 
X62n1195_001:0548c13	弟子。及有宿緣眾生。皆得見之。即所謂應化身也。	弟 子 及 有 宿 緣 眾 生 皆 得 見 之 即 所 謂 應 化 身 也 
X62n1195_001:0548c14	今此句中所指之身。即是功德莊嚴之報身。金色	今 此 句 中 所 指 之 身 即 是 功德莊嚴 之 報 身 金 色 
X62n1195_001:0548c15	者。不壞之色。	者 不 壞 之 色 
X62n1195_001:0548c16	　相好光明無等倫	 相 好 光 明 無 等 倫 
X62n1195_001:0548c17	觀經言佛報身。具有八萬四千相。一一相中。各有	觀 經 言 佛 報 身 具 有 八萬四千 相 一 一 相 中 各 有 
X62n1195_001:0548c18	八萬四千隨形好。一一好中。復有八萬四千光明。	八萬四千 隨 形 好 一 一 好 中 復 有 八萬四千 光 明 
X62n1195_001:0548c19	一一光明。徧照十方念佛眾生。攝取不捨。乃至光	一 一 光 明 徧 照 十 方 念 佛 眾 生 攝 取 不 捨 乃 至 光 
X62n1195_001:0548c20	中所現化佛。不可具說。昔賢所謂人若念佛。即有	中 所 現 化 佛 不 可 具 說 昔 賢 所 謂 人 若 念 佛 即 有 
X62n1195_001:0548c21	一化如來住頂者。洵然慈悲大願。成就如是妙功	一 化 如 來 住 頂 者 洵 然 慈 悲 大 願 成 就 如 是 妙 功 
X62n1195_001:0548c22	德力。巍巍如是。是為尊特。倫。類也。言無復其類與	德 力 巍 巍 如 是 是 為 尊 特 倫 類 也 言 無 復 其 類 與 
X62n1195_001:0548c23	等也。三字一束。通透上下關節處。其佛光明相好。	等 也 三 字 一 束 通 透 上 下 關 節 處 其 佛 光 明 相 好 
X62n1195_001:0548c24	各分八萬四千者。葢在眾生。具有八萬四千塵勞。	各 分 八萬四千 者 葢 在 眾 生 具 有 八萬四千 塵 勞 
X62n1195_001:0549a01	身生八萬四千毛竅。故到成佛。亦各分有八萬四	身 生 八萬四千 毛 竅 故 到 成 佛 亦 各 分 有 八 萬 四 
X62n1195_001:0549a02	千光明相好也。又按觀經。彼佛圓光。大如百億大	千 光 明 相 好 也 又 按 觀 經 彼 佛 圓 光 大 如 百 億 大 
X62n1195_001:0549a03	千佛剎。於圓光中。恒沙化佛。乃至俱有無數化菩	千 佛 剎 於 圓 光 中 恒 沙 化 佛 乃 至 俱 有 無 數 化 菩 
X62n1195_001:0549a04	薩。云何圓光若此其大。當知彼大圓光。乃是顯報	薩 云 何 圓 光 若 此 其 大 當 知 彼 大 圓 光 乃 是 顯 報 
X62n1195_001:0549a05	身佛之總光。此相好中各現光明八萬四千者。即	身 佛 之 總 光 此 相 好 中 各 現 光 明 八萬四千 者 即 
X62n1195_001:0549a06	是顯應身佛之別光。若總若別。各各俱有化佛應	是 顯 應 身 佛 之 別 光 若 總 若 別 各 各 俱 有 化 佛 應 
X62n1195_001:0549a07	現秘密妙門。莊嚴如是功德性海。豈容思議。	現 秘 密 妙 門 莊 嚴 如 是 功 德 性 海 豈 容 思 議 
X62n1195_001:0549a08	　白毫宛轉五須彌	 白 毫 宛 轉 五 須 彌 
X62n1195_001:0549a09	須彌。山名。山在四大部洲之中。起自大海衝過日	須 彌 山 名 山 在 四大部洲 之 中 起 自 大 海 衝 過 日 
X62n1195_001:0549a10	月。高出三百三十六萬里。週圍之廣亦如之。又山	月 高 出 三 百 三 十 六 萬 里 週 圍 之 廣 亦 如 之 又 山 
X62n1195_001:0549a11	四面之中腰。俱是天王宮殿。四大天王各據一面。	四 面 之 中 腰 俱 是 天 王 宮 殿 四大天王 各 據 一 面 
X62n1195_001:0549a12	各鎮一洲。故此四洲。分四天下。因此山之高廣。分	各 鎮 一 洲 故 此 四 洲 分 四 天 下 因 此 山 之 高 廣 分 
X62n1195_001:0549a13	也。今報身佛。兩眉中間之白毫相。右旋宛轉。大如	也 今 報 身 佛 兩 眉 中 間 之 白 毫 相 右 旋 宛 轉 大 如 
X62n1195_001:0549a14	五峙須彌。一相尚然。況八萬四千之全相乎。則其	五 峙 須 彌 一 相 尚 然 況 八萬四千 之 全 相 乎 則 其 
X62n1195_001:0549a15	身之尊特何如。	身 之 尊 特 何 如 
X62n1195_001:0549a16	按。釋迦應世之身。其長丈六。眉間白毫。八稜中空。	按 釋 迦 應 世 之 身 其 長 丈 六 眉間白毫 八 稜 中 空 
X62n1195_001:0549a17	白如珂雪。長一丈五尺。週圍五寸。右旋宛轉。如琉	白 如 珂 雪 長 一 丈 五 尺 週 圍 五 寸 右 旋 宛 轉 如 琉 
X62n1195_001:0549a18	璃筒。從此放光。徧照無際。雖鐵圍山大幽暗處。隨	璃 筒 從 此 放 光 徧 照 無 際 雖 鐵 圍 山 大 幽 暗 處 隨 
X62n1195_001:0549a19	光所到。一切皆闢。即此應身放光之毫相。可悟法	光 所 到 一 切 皆 闢 即 此 應 身 放 光 之 毫 相 可 悟 法 
X62n1195_001:0549a20	界之性。唯一智境。知釋迦毫相如此之勝。則知彌	界 之 性 唯 一 智 境 知 釋 迦 毫 相 如 此 之 勝 則 知 彌 
X62n1195_001:0549a21	陀白毫。亦八萬四千中之勝相矣。故經云。觀無量	陀 白 毫 亦 八萬四千 中 之 勝 相 矣 故 經 云 觀 無 量 
X62n1195_001:0549a22	壽佛者。從一相好入。但觀眉間白毫。極令明了。見	壽 佛 者 從 一 相 好 入 但 觀 眉間白毫 極 令 明 了 見 
X62n1195_001:0549a23	眉間白毫相者。八萬四千相好。自然當現。然在初	眉間白毫相 者 八萬四千 相 好 自 然 當 現 然 在 初 
X62n1195_001:0549a24	心。可準釋迦毫相之大小。先次現觀。則易成就。	心 可 準 釋 迦 毫 相 之 大 小 先 次 現 觀 則 易 成 就 
X62n1195_001:0549b01	按寶王論。釋迦報身佛。所現眉間白毫一相。向上	按 寶 王 論 釋 迦 報 身 佛 所 現 眉間白毫 一 相 向 上 
X62n1195_001:0549b02	右旋。圓濶三百六十萬里。此則僅與一峙須彌。相	右 旋 圓 濶 三 百 六 十 萬 里 此 則 僅 與 一 峙 須 彌 相 
X62n1195_001:0549b03	去無幾。彌陀毫相。如彼其大。釋迦毫相。如此其小。	去 無 幾 彌 陀 毫 相 如 彼 其 大 釋 迦 毫 相 如 此 其 小 
X62n1195_001:0549b04	何釋迦之遜彼彌陀如是。噫佛則是同。非相遜也。	何 釋 迦 之 遜 彼 彌 陀 如 是 噫 佛 則 是 同 非 相 遜 也 
X62n1195_001:0549b05	特釋迦在娑婆。是穢土耳。土穢。則佛之淨光易隱。	特 釋 迦 在 娑 婆 是 穢 土 耳 土 穢 則 佛 之 淨 光 易 隱 
X62n1195_001:0549b06	故身量之現。自不能大。彌陀在極樂。是淨土耳。土	故 身 量 之 現 自 不 能 大 彌 陀 在 極 樂 是 淨 土 耳 土 
X62n1195_001:0549b07	淨。則佛之淨光易顯。故身量之現。自不至小。今觀	淨 則 佛 之 淨 光 易 顯 故 身 量 之 現 自 不 至 小 今 觀 
X62n1195_001:0549b08	二佛毫相。則二土之優劣。亦可曉然。	二 佛 毫 相 則 二 土 之 優 劣 亦 可 曉 然 
X62n1195_001:0549b09	　紺目澄清四大海	 紺 目 澄 清 四 大 海 
X62n1195_001:0549b10	紺即深青色之名。海即在須彌山四面者是。兩目	紺 即 深 青 色 之 名 海 即 在 須 彌 山 四 面 者 是 兩 目 
X62n1195_001:0549b11	長廣。如四大海之兩分。是即其毫與目。俱無等倫	長 廣 如 四 大 海 之 兩 分 是 即 其 毫 與 目 俱 無 等 倫 
X62n1195_001:0549b12	處。以上毫目二相。俱出十六觀經。	處 以 上 毫 目 二 相 俱 出 十 六 觀 經 
X62n1195_001:0549b13	按目睛紺色而復澄清。色相之美。不待言矣。然佛	按 目 睛 紺 色 而 復 澄 清 色 相 之 美 不 待 言 矣 然 佛 
X62n1195_001:0549b14	清淨寶目。妙明智慧所報之目。十方洞視。無復障	清 淨 寶 目 妙 明 智 慧 所 報 之 目 十 方 洞 視 無 復 障 
X62n1195_001:0549b15	礙。雖在眾生心念中者。佛眼悉見。則其色相之美	礙 雖 在 眾 生 心 念 中 者 佛 眼 悉 見 則 其 色 相 之 美 
X62n1195_001:0549b16	何須論。第從色相而言。亦是普利羣機處。菩薩見	何 須 論 第 從 色 相 而 言 亦 是 普 利 羣 機 處 菩 薩 見 
X62n1195_001:0549b17	是色相。即得道種智圓。疾成功德報身。眾生或見	是 色 相 即 得 道 種 智 圓 疾 成 功 德 報 身 眾 生 或 見 
X62n1195_001:0549b18	丈六。或見八尺二相。亦得諸根猛利。成熟法器。疾	丈 六 或 見 八 尺 二 相 亦 得 諸 根 猛 利 成 熟 法 器 疾 
X62n1195_001:0549b19	證不退菩提道心。當知見是色相。即見佛心。	證 不 退 菩 提 道 心 當 知 見 是 色 相 即 見 佛 心 
X62n1195_001:0549b20	　光中化佛無數億	 光 中 化 佛 無 數 億 
X62n1195_001:0549b21	化佛即分身世界之應身佛也。並在八萬四千光	化 佛 即 分 身 世 界 之 應 身 佛 也 並 在 八萬四千 光 
X62n1195_001:0549b22	明中流光滿界。各現化佛。故曰光中。又化有二義。	明 中 流 光 滿 界 各 現 化 佛 故 曰 光 中 又 化 有 二 義 
X62n1195_001:0549b23	一自化應身。則曰化佛。二化他成佛。亦曰化佛。彌	一 自 化 應 身 則 曰 化 佛 二 化 他 成 佛 亦 曰 化 佛 彌 
X62n1195_001:0549b24	陀在因地時。已化三十六萬億一十一萬九千五	陀 在 因 地 時 已 化 三 十 六 萬 億 一 十 一 萬 九 千 五 
X62n1195_001:0549c01	百人同至成時。何況到今成佛已久。則分無數億	百 人 同 至 成 時 何 況 到 今 成 佛 已 久 則 分 無 數 億 
X62n1195_001:0549c02	應身化佛廣化世間。其化更弘。而其化他。甯有億	應 身 化 佛 廣 化 世 間 其 化 更 弘 而 其 化 他 甯 有 億 
X62n1195_001:0549c03	數可量哉。	數 可 量 哉 
X62n1195_001:0549c04	按此與下句二化字。與度眾生三字相呼接。又與	按 此 與 下 句 二 化 字 與 度 眾 生 三 字 相 呼 接 又 與 
X62n1195_001:0549c05	末句咸令二字直貫。宜重化他一邊。	末 句 咸 令 二 字 直 貫 宜 重 化 他 一 邊 
X62n1195_001:0549c06	　化菩薩眾亦無邊	 化 菩 薩 眾 亦 無 邊 
X62n1195_001:0549c07	亦字。承上光中來。一化佛應身均各有。化菩薩應	亦 字 承 上 光 中 來 一 化 佛 應 身 均 各 有 化 菩 薩 應 
X62n1195_001:0549c08	身為隨侍。故曰化菩薩。盖此菩薩。雖即觀音勢至	身 為 隨 侍 故 曰 化 菩 薩 盖 此 菩 薩 雖 即 觀 音 勢 至 
X62n1195_001:0549c09	等所化應身。然亦須知三聖應身。俱同一體。何以	等 所 化 應 身 然 亦 須 知 三 聖 應 身 俱 同 一 體 何 以 
X62n1195_001:0549c10	故。諸佛一法身中。原無分別相故。亦惟三相既備。	故 諸 佛 一 法 身 中 原 無 分 別 相 故 亦 惟 三 相 既 備 
X62n1195_001:0549c11	法體斯全。何以故。仍即一佛三身義故。又化有二	法 體 斯 全 何 以 故 仍 即 一 佛 三 身 義 故 又 化 有 二 
X62n1195_001:0549c12	義。同上。	義 同 上 
X62n1195_001:0549c13	　四十八願度眾生	 四 十 八 願 度 眾 生 
X62n1195_001:0549c14	彌陀在因地時。號曰法藏比丘。誓有四十八願。謹	彌 陀 在 因 地 時 號 曰 法 藏 比 丘 誓 有 四 十 八 願 謹 
X62n1195_001:0549c15	出願文列后。願諸同志。留意細參。	出 願 文 列 后 願 諸 同 志 留 意 細 參 
X62n1195_001:0549c16	眾生。眾緣和合而生之謂。盖眾生出生。本無自性。	眾 生 眾 緣 和 合 而 生 之 謂 盖 眾 生 出 生 本 無 自 性 
X62n1195_001:0549c17	所生之性。皆由緣會。所會之緣。皆因業招。在人有	所 生 之 性 皆 由 緣 會 所 會 之 緣 皆 因 業 招 在 人 有 
X62n1195_001:0549c18	三業。身業。口業。意業也。佛立四十八願。攝授眾生。	三 業 身 業 口 業 意 業 也 佛 立 四 十 八 願 攝 授 眾 生 
X62n1195_001:0549c19	令結淨緣。教以念佛見佛。謝彼塵業。勝緣一值。直	令 結 淨 緣 教 以 念 佛 見 佛 謝 彼 塵 業 勝 緣 一 值 直 
X62n1195_001:0549c20	往無礙。徑生淨土。徑入蓮胎。故知念佛一門。非同	往 無 礙 徑 生 淨 土 徑 入 蓮 胎 故 知 念 佛 一 門 非 同 
X62n1195_001:0549c21	小緣。乃彌陀慈悲開度之大因緣也。	小 緣 乃 彌 陀 慈 悲 開 度 之 大 因 緣 也 
X62n1195_001:0549c22	　九品咸令登彼岸	 九 品 咸 令 登 彼 岸 
X62n1195_001:0549c23	九品。先分上中下三品。三品之中。又各分三品。是	九 品 先 分 上 中 下 三 品 三 品 之 中 又 各 分 三 品 是 
X62n1195_001:0549c24	謂蓮華九品也。眾生出生其國。托胎蓮華之內。謂	謂 蓮 華 九 品 也 眾 生 出 生 其 國 托 胎 蓮 華 之 內 謂 
X62n1195_001:0550a01	之蓮胎。與此土之投入母胎者不同。盖此則從愛	之 蓮 胎 與 此 土 之 投 入 母 胎 者 不 同 盖 此 則 從 愛 
X62n1195_001:0550a02	染生。彼則從法化生。昔賢有願云。願生西方淨土	染 生 彼 則 從 法 化 生 昔 賢 有 願 云 願 生 西方淨土 
X62n1195_001:0550a03	中。九品蓮華為父母。華開見佛悟無生。不退菩薩	中 九 品 蓮 華 為 父 母 華 開 見 佛 悟 無 生 不退菩薩 
X62n1195_001:0550a04	為伴侶。願中上二句。即是托胎蓮華之意。但第三	為 伴 侶 願 中 上 二 句 即 是 托 胎 蓮 華 之 意 但 第 三 
X62n1195_001:0550a05	句無生二字意甚奧。余按之。即是菩薩通達無我	句 無 生 二 字 意 甚 奧 余 按 之 即 是 菩 薩 通 達 無 我 
X62n1195_001:0550a06	法門也。盖眾生之生。本無自性。既無自性生。亦無	法 門 也 盖 眾 生 之 生 本 無 自 性 既 無 自 性 生 亦 無 
X62n1195_001:0550a07	自性死。出生入死。皆由諸緣為聚散。若離諸緣。畢	自 性 死 出 生 入 死 皆 由 諸 緣 為 聚 散 若 離 諸 緣 畢 
X62n1195_001:0550a08	竟無生。故圓覺云。知幻即離。不作方便。離幻即覺。	竟 無 生 故 圓 覺 云 知 幻 即 離 不 作 方 便 離 幻 即 覺 
X62n1195_001:0550a09	亦非漸次。此中當有一大悟處。若在此土修證未	亦 非 漸 次 此 中 當 有 一 大 悟 處 若 在 此 土 修 證 未 
X62n1195_001:0550a10	悟者。一到見佛。未有不悟。第彼土蓮開有遲速。則	悟 者 一 到 見 佛 未 有 不 悟 第 彼 土 蓮 開 有 遲 速 則 
X62n1195_001:0550a11	見佛非無早晚也。大抵上品之蓮。其開最速。中品	見 佛 非 無 早 晚 也 大 抵 上 品 之 蓮 其 開 最 速 中 品 
X62n1195_001:0550a12	次之。下品則遲矣。何以故。盖因此土眾生。有根器	次 之 下 品 則 遲 矣 何 以 故 盖 因 此 土 眾 生 有 根 器 
X62n1195_001:0550a13	利鈍之不同。有功力淺深之不一。亦有生前從未	利 鈍 之 不 同 有 功 力 淺 深 之 不 一 亦 有 生 前 從 未 
X62n1195_001:0550a14	念佛。迨到臨終苦逼。經善知識指點。方始憶念者。	念 佛 迨 到 臨 終 苦 逼 經 善 知 識 指 點 方 始 憶 念 者 
X62n1195_001:0550a15	勇猛以疾亦得生蓮。是以蓮華之生則同。蓮華之	勇 猛 以 疾 亦 得 生 蓮 是 以 蓮 華 之 生 則 同 蓮 華 之 
X62n1195_001:0550a16	開則不同也。若論往生一節。生時亦非無據。臨終	開 則 不 同 也 若 論 往 生 一 節 生 時 亦 非 無 據 臨 終 
X62n1195_001:0550a17	必有瑞相現前。或見金蓮擁足。或見彌陀來迎。或	必 有 瑞 相 現 前 或 見 金 蓮 擁 足 或 見 彌 陀 來 迎 或 
X62n1195_001:0550a18	滿眼光明。遍照無極。淨土聖境。一時俱現。或聞天	滿 眼 光 明 遍 照 無 極 淨 土 聖 境 一 時 俱 現 或 聞 天 
X62n1195_001:0550a19	樂。或聞妙香。此時定知決生淨土。乃至復有生前	樂 或 聞 妙 香 此 時 定 知 決 生 淨 土 乃 至 復 有 生 前 
X62n1195_001:0550a20	造罪。到臨終時。地獄惡相。顯現在前。猛火燄燄。乘	造 罪 到 臨 終 時 地 獄 惡 相 顯 現 在 前 猛 火 燄 燄 乘 
X62n1195_001:0550a21	虗來襲。忽化一陣清涼風。而送歸淨土者。此由悔	虗 來 襲 忽 化 一 陣 清 涼 風 而 送 歸 淨 土 者 此 由 悔 
X62n1195_001:0550a22	罪猛利。一念心疾。能抵百年悠悠業力。觀經下品	罪 猛 利 一 念 心 疾 能 抵 百 年 悠 悠 業 力 觀 經 下 品 
X62n1195_001:0550a23	往生之輩類如此。但到此時靠著念佛。定須立起	往 生 之 輩 類 如 此 但 到 此 時 靠 著 念 佛 定 須 立 起 
X62n1195_001:0550a24	如山願力堅牢不動。決志求生。必令佛光從我照	如 山 願 力 堅 牢 不 動 決 志 求 生 必 令 佛 光 從 我 照 
X62n1195_001:0550b01	見。必令寶華從我擁起。則感應道交。自然瞥見本	見 必 令 寶 華 從 我 擁 起 則 感 應 道 交 自 然 瞥 見 本 
X62n1195_001:0550b02	性彌陀。自淨土來。自淨土去。我於爾時。隨從佛後。	性 彌 陀 自 淨 土 來 自 淨 土 去 我 於 爾 時 隨 從 佛 後 
X62n1195_001:0550b03	乘寶蓮華。逕生其國。此即九品蓮華托胎之始。但	乘 寶 蓮 華 逕 生 其 國 此 即 九 品 蓮 華 托 胎 之 始 但 
X62n1195_001:0550b04	在此時見佛。要知即是本性彌陀。何以故。一切眾	在 此 時 見 佛 要 知 即 是 本 性 彌 陀 何 以 故 一 切 眾 
X62n1195_001:0550b05	生悉各具有如是自性功德故。雖非現成所有。亦	生 悉 各 具 有 如 是 自 性 功 德 故 雖 非 現 成 所 有 亦 
X62n1195_001:0550b06	非假緣作合。特不蒙彼佛感應。則不顯。當知自性	非 假 緣 作 合 特 不 蒙 彼 佛 感 應 則 不 顯 當 知 自 性 
X62n1195_001:0550b07	功德。靡不徧造。靡不徧具。念佛即是造此功德性。	功 德 靡 不 徧 造 靡 不 徧 具 念 佛 即 是 造 此 功 德 性 
X62n1195_001:0550b08	見佛即是具此功德性也。又見彼佛真身。必華開	見 佛 即 是 具 此 功 德 性 也 又 見 彼 佛 真 身 必 華 開 
X62n1195_001:0550b09	后方見。見則未有不悟。此則但是感應道交。故性	后 方 見 見 則 未 有 不 悟 此 則 但 是 感 應 道 交 故 性 
X62n1195_001:0550b10	佛顯。譬如鴻爪印泥。鴻杳而印在泥。若知自性由	佛 顯 譬 如 鴻 爪 印 泥 鴻 杳 而 印 在 泥 若 知 自 性 由 
X62n1195_001:0550b11	印而顯。則一時佛現在前。非同假緣。故知即是自	印 而 顯 則 一 時 佛 現 在 前 非 同 假 緣 故 知 即 是 自 
X62n1195_001:0550b12	性佛迎自性眾生也。	性 佛 迎 自 性 眾 生 也 
X62n1195_001:0550b13	咸令二字甚直截。佛以真如性海功德之力。成就	咸 令 二 字 甚 直 截 佛 以 真 如 性 海 功 德 之 力 成 就 
X62n1195_001:0550b14	如是九品蓮華。正為一切有情。令得咸生也。但得	如 是 九 品 蓮 華 正 為 一切有情 令 得 咸 生 也 但 得 
X62n1195_001:0550b15	眾生。信有淨土。立願求生。加以念佛功力。助彼信	眾 生 信 有 淨 土 立 願 求 生 加 以 念 佛 功 力 助 彼 信 
X62n1195_001:0550b16	力願力。無論根器利鈍。無論造有十惡五逆一切	力 願 力 無 論 根 器 利 鈍 無 論 造 有 十 惡 五 逆 一 切 
X62n1195_001:0550b17	極重罪業。皆得帶業往生。何以故。一到見佛。則未	極 重 罪 業 皆 得 帶 業 往 生 何 以 故 一 到 見 佛 則 未 
X62n1195_001:0550b18	有不開悟故。況能至心向佛。即是悔心猛利故。所	有 不 開 悟 故 況 能 至 心 向 佛 即 是 悔 心 猛 利 故 所 
X62n1195_001:0550b19	以不能害其往生信願也。要知彼九品蓮。上攝利	以 不 能 害 其 往 生 信 願 也 要 知 彼 九 品 蓮 上 攝 利 
X62n1195_001:0550b20	根上器。乃至一切菩薩。旁攝中下二根一切眾生。	根 上 器 乃 至 一切菩薩 旁 攝 中 下 二 根 一 切 眾 生 
X62n1195_001:0550b21	直是普利羣機處。蓮華九品。出十六觀經。	直 是 普 利 羣 機 處 蓮 華 九 品 出 十 六 觀 經 
X62n1195_001:0550b22	彼岸。即指淨土。亦名極樂。蓮有九品。攝念佛者所	彼 岸 即 指 淨 土 亦 名 極 樂 蓮 有 九 品 攝 念 佛 者 所 
X62n1195_001:0550b23	登之地。彼對此言。岸對海言。此土娑婆。是退地。出	登 之 地 彼 對 此 言 岸 對 海 言 此 土 娑 婆 是 退 地 出 
X62n1195_001:0550b24	生入死。輪迴不息。一切悉苦。故又別名為苦海。眾	生 入 死 輪 迴 不 息 一 切 悉 苦 故 又 別 名 為 苦 海 眾 
X62n1195_001:0550c01	生沉溺其際。愛河浩浩。慾浪滾滾。那時復有出劫	生 沉 溺 其 際 愛 河 浩 浩 慾 浪 滾 滾 那 時 復 有 出 劫 
X62n1195_001:0550c02	之期。彼土極樂。是不退地。無生死。無輪迴。無諸男	之 期 彼 土 極 樂 是 不 退 地 無 生 死 無 輪 迴 無 諸 男 
X62n1195_001:0550c03	女愛染情慾。一切眾生。純以化生。衣食資具。均以	女 愛 染 情 慾 一 切 眾 生 純 以 化 生 衣 食 資 具 均 以 
X62n1195_001:0550c04	法化。寶樓寶閣。園林池沼。一切俱是法性莊嚴之	法 化 寶 樓 寶 閣 園 林 池 沼 一 切 俱 是 法 性 莊 嚴 之 
X62n1195_001:0550c05	功德。因是法性。敷演法樂。念念具足法喜禪悅樂。	功 德 因 是 法 性 敷 演 法 樂 念 念 具 足 法 喜 禪 悅 樂 
X62n1195_001:0550c06	增道損生樂。如是乃至第一義諦樂。非復此土所	增 道 損 生 樂 如 是 乃 至 第一義諦 樂 非 復 此 土 所 
X62n1195_001:0550c07	受人天諸樂。極樂如彼。娑婆如此。正是濟此苦海	受 人 天 諸 樂 極 樂 如 彼 娑 婆 如 此 正 是 濟 此 苦 海 
X62n1195_001:0550c08	眾生所登之岸。眾生何不求生。又況生彼國已。雖	眾 生 所 登 之 岸 眾 生 何 不 求 生 又 況 生 彼 國 已 雖 
X62n1195_001:0550c09	復回轉生死界內。出入輪迴苦趣。開度娑婆一切	復 回 轉 生 死 界 內 出 入 輪 迴 苦 趣 開 度 娑 婆 一 切 
X62n1195_001:0550c10	情緣眷屬。亦永不退。是則所謂不退菩薩之乘權	情 緣 眷 屬 亦 永 不 退 是 則 所 謂 不退菩薩 之 乘 權 
X62n1195_001:0550c11	開化也。當此之時。或出娑婆。或回淨土。所願隨心。	開 化 也 當 此 之 時 或 出 娑 婆 或 回 淨 土 所 願 隨 心 
X62n1195_001:0550c12	豈不快哉。噫彌陀出世。實關一切眾生無窮無盡	豈不快哉 噫 彌 陀 出 世 實 關 一 切 眾 生 無 窮 無 盡 
X62n1195_001:0550c13	不可思議之福量。眾生不信極樂。不信彌陀。則曷	不可思議 之 福 量 眾 生 不 信 極 樂 不 信 彌 陀 則 曷 
X62n1195_001:0550c14	不信自性功德中之福量哉。中峰懷淨土詩云。六	不 信 自 性 功 德 中 之 福 量 哉 中 峰 懷 淨 土 詩 云 六 
X62n1195_001:0550c15	方佛出廣長舌。俱讚娑婆念佛人。須信九品蓮世	方 佛 出 廣 長 舌 俱 讚 娑 婆 念 佛 人 須 信 九 品 蓮 世 
X62n1195_001:0550c16	界。無時不散劫壺春。又云。塵沙劫又塵沙劫。數盡	界 無 時 不 散 劫 壺 春 又 云 塵 沙 劫 又 塵 沙 劫 數 盡 
X62n1195_001:0550c17	塵沙劫未休。當念只因情未瞥。無邊生死自覊留。	塵 沙 劫 未 休 當 念 只 因 情 未 瞥 無 邊 生 死 自 覊 留 
X62n1195_001:0550c18	又云。念佛須期念到頭。到頭和念一齊收。娑婆苦	又 云 念 佛 須 期 念 到 頭 到 頭 和 念 一 齊 收 娑 婆 苦 
X62n1195_001:0550c19	海風濤靜。穩泛蓮邦般若舟。願諸同志。勉旃勉旃。	海 風 濤 靜 穩 泛 蓮 邦 般 若 舟 願 諸 同 志 勉 旃 勉 旃 
X62n1195_001:0550c20	南無西方極樂世界接引導師大慈大悲阿彌陀佛。	南 無 西方極樂 世 界 接 引 導 師 大慈大悲 阿 彌 陀 佛 
X62n1195_001:0550c21	南無。亦翻曩謨。亦翻那摩。亦翻皈依。亦翻歸命。釋	南 無 亦 翻 曩 謨 亦 翻 那 摩 亦 翻 皈 依 亦 翻 歸 命 釋 
X62n1195_001:0550c22	有三義。一求自度。二為他求度。三普為一切有情	有 三 義 一 求 自 度 二 為 他 求 度 三 普 為 一切有情 
X62n1195_001:0550c23	求圓度。發此圓度之心。即菩提心。依菩提心。稱南	求 圓 度 發 此 圓 度 之 心 即 菩 提 心 依 菩 提 心 稱 南 
X62n1195_001:0550c24	無佛。是今釋法。華嚴所謂最初一念發心之時。便	無 佛 是 今 釋 法 華 嚴 所 謂 最 初 一 念 發 心 之 時 便 
X62n1195_001:0551a01	成正覺。即是此意。	成 正 覺 即 是 此 意 
X62n1195_001:0551a02	西方極樂世界。義已略出彼岸節。又彌陀經云。從	西方極樂 世 界 義 已 略 出 彼 岸 節 又 彌 陀 經 云 從 
X62n1195_001:0551a03	是西方過十萬億佛土。有世界。國名極樂。極樂去	是 西 方 過 十 萬 億 佛 土 有 世 界 國 名 極 樂 極 樂 去 
X62n1195_001:0551a04	此十萬億。所隔甚遙。觀經云。到在彈指。又云。如一	此 十 萬 億 所 隔 甚 遙 觀 經 云 到 在 彈 指 又 云 如 一 
X62n1195_001:0551a05	念頃。即生彼國。良以心無涯際。離遠近相。離去來	念 頃 即 生 彼 國 良 以 心 無 涯 際 離 遠 近 相 離 去 來 
X62n1195_001:0551a06	相。一念即生。是即生於吾心所具之土也。故既託	相 一 念 即 生 是 即 生 於 吾 心 所 具 之 土 也 故 既 託 
X62n1195_001:0551a07	彼勝緣。得蒙感應。有何不到○按此土娑婆。具有	彼 勝 緣 得 蒙 感 應 有 何 不 到 按 此 土 娑 婆 具 有 
X62n1195_001:0551a08	四土。一凡聖同居土。二方便有餘土。三實報莊嚴	四 土 一 凡 聖 同 居 土 二 方 便 有 餘 土 三 實 報 莊 嚴 
X62n1195_001:0551a09	無障礙土。四常寂光淨土。又地獄餓鬼畜生阿脩	無 障 礙 土 四 常 寂 光 淨 土 又 地 獄 餓 鬼 畜 生 阿 脩 
X62n1195_001:0551a10	羅人天六趣為凡。聲聞緣覺菩薩佛四趣為聖。凡	羅 人 天 六 趣 為 凡 聲 聞 緣 覺 菩 薩 佛 四 趣 為 聖 凡 
X62n1195_001:0551a11	濁聖淨。一隱一顯。受分段身。與聖同居。故曰凡聖	濁 聖 淨 一 隱 一 顯 受 分 段 身 與 聖 同 居 故 曰 凡 聖 
X62n1195_001:0551a12	同居。此土即是六趣眾生之界。證方便道。斷煩惱	同 居 此 土 即 是 六 趣 眾 生 之 界 證 方 便 道 斷 煩 惱 
X62n1195_001:0551a13	障。受法性身。尚餘無明一障未破。故曰方便有餘。	障 受 法 性 身 尚 餘 無 明 一 障 未 破 故 曰 方 便 有 餘 
X62n1195_001:0551a14	此土即是聲聞緣覺等羅漢所居。受功德莊嚴法	此 土 即 是 聲 聞 緣 覺 等 羅 漢 所 居 受 功德莊嚴 法 
X62n1195_001:0551a15	性報身。色心交澈。根塵互融。身土不二。無復障礙。	性 報 身 色 心 交 澈 根 塵 互 融 身 土 不 二 無 復 障 礙 
X62n1195_001:0551a16	即華嚴所謂因陀羅網世界也。此土圓位菩薩所	即 華 嚴 所 謂 因 陀 羅 網 世 界 也 此 土 圓 位 菩 薩 所 
X62n1195_001:0551a17	居。故曰實報莊嚴無障礙土。離身無土。離土無身。	居 故 曰 實 報 莊 嚴 無 障 礙 土 離 身 無 土 離 土 無 身 
X62n1195_001:0551a18	身土一如。湛然常寂。是名常寂光淨土。此土惟佛	身 土 一 如 湛 然 常 寂 是 名 常 寂 光 淨 土 此 土 惟 佛 
X62n1195_001:0551a19	所居。大抵析分則濁。圓融則淨。菩薩發菩提心。平	所 居 大 抵 析 分 則 濁 圓 融 則 淨 菩 薩 發菩提心 平 
X62n1195_001:0551a20	等開度。已入圓位。佛則圓極。如上四土。極樂亦同。	等 開 度 已 入 圓 位 佛 則 圓 極 如 上 四 土 極 樂 亦 同 
X62n1195_001:0551a21	第凡聖同居一土。惟極樂為獨淨。所以淨者。他方	第 凡 聖 同 居 一 土 惟 極 樂 為 獨 淨 所 以 淨 者 他 方 
X62n1195_001:0551a22	佛土。六趣具足。彼國極樂同居一土。惟有天人二	佛 土 六 趣 具 足 彼 國 極 樂 同 居 一 土 惟 有 天 人 二 
X62n1195_001:0551a23	趣。地獄。餓鬼。畜生。脩羅。四趣則無。且一佛攝化。又	趣 地 獄 餓 鬼 畜 生 脩 羅 四 趣 則 無 且 一 佛 攝 化 又 
X62n1195_001:0551a24	無邪魔外道壞亂佛法。所以天人二趣。俱發菩提	無 邪 魔 外 道 壞 亂 佛 法 所 以 天 人 二 趣 俱 發 菩 提 
X62n1195_001:0551b01	道心。純以蓮華化生。一一交接。悉是大乘清淨良	道 心 純 以 蓮 華 化 生 一 一 交 接 悉 是 大 乘 清 淨 良 
X62n1195_001:0551b02	伴。又天人二趣。交通往來。凡聖二途。聖應時現。與	伴 又 天 人 二 趣 交 通 往 來 凡 聖 二 途 聖 應 時 現 與 
X62n1195_001:0551b03	此娑婆佛惟曠劫一出世者。相去懸殊矣。又況彼	此 娑 婆 佛 惟 曠 劫 一 出 世 者 相 去 懸 殊 矣 又 況 彼 
X62n1195_001:0551b04	土眾生。功德。智慧。二莊嚴相。同佛菩薩。是謂同居	土 眾 生 功 德 智 慧 二 莊 嚴 相 同 佛 菩 薩 是 謂 同 居 
X62n1195_001:0551b05	一土淨。則以上三土。益可曉矣。	一 土 淨 則 以 上 三 土 益 可 曉 矣 
X62n1195_001:0551b06	導師。謂引導眾生。入佛知見。故佛稱導師。佛居西	導 師 謂 引 導 眾 生 入 佛 知 見 故 佛 稱 導 師 佛 居 西 
X62n1195_001:0551b07	方淨土。接引此方濁土眾生。故復稱為接引導師。	方 淨 土 接 引 此 方 濁 土 眾 生 故 復 稱 為 接 引 導 師 
X62n1195_001:0551b08	與一切樂。名大慈心。拔一切苦。名大悲心。慈悲徧	與 一 切 樂 名 大 慈 心 拔 一 切 苦 名 大 悲 心 慈 悲 徧 
X62n1195_001:0551b09	攝。與拔同時。名大慈大悲心。經云。阿彌陀佛。慈悲	攝 與 拔 同 時 名 大慈大悲 心 經 云 阿 彌 陀 佛 慈 悲 
X62n1195_001:0551b10	光明。徧照法界。普作覆護。不令墜墮。慈悲願力。徧	光 明 徧 照 法 界 普 作 覆 護 不 令 墜 墮 慈 悲 願 力 徧 
X62n1195_001:0551b11	周法界。普作攝受。不令漏失。陰入界身。徧同法界。	周 法 界 普 作 攝 受 不 令 漏 失 陰 入 界 身 徧 同 法 界 
X62n1195_001:0551b12	普令了悟。不令退轉。念佛者。發圓度之心。念樂土	普 令 了 悟 不 令 退 轉 念 佛 者 發 圓 度 之 心 念 樂 土 
X62n1195_001:0551b13	之佛。則功德巍巍。莊嚴可徧法界矣。安有娑婆世	之 佛 則 功 德 巍 巍 莊 嚴 可 徧 法 界 矣 安 有 娑 婆 世 
X62n1195_001:0551b14	界。不即打開淨土。安有願生淨土。而不即往覲彌	界 不 即 打 開 淨 土 安 有 願 生 淨 土 而 不 即 往 覲 彌 
X62n1195_001:0551b15	陀也哉。噫因果一向頓圓。總不離乎當念。但在因	陀 也 哉 噫 因 果 一 向 頓 圓 總 不 離 乎 當 念 但 在 因 
X62n1195_001:0551b16	地發此大心。實是廣己福量。而在果位證此大心。	地 發 此 大 心 實 是 廣 己 福 量 而 在 果 位 證 此 大 心 
X62n1195_001:0551b17	方是普利羣機。當念一著。宜防失足。戒之哉。一登	方 是 普 利 羣 機 當 念 一 著 宜 防 失 足 戒 之 哉 一 登 
X62n1195_001:0551b18	極樂。入無生忍。即是眾生果圓之位。普願斯人。回	極 樂 入 無 生 忍 即 是 眾 生 果 圓 之 位 普 願 斯 人 回 
